$MEAS_TIM:
      0       0
$DATE_MEA:
00-00-0000  00:00:00
$DATA:
       0     2121
       1       3       0       0       0     291     300       2       5    2002
       1      24      58       0     328       6     412       8     442       8
     574      11       0       0       0       0       0       0       0       0
       0       0       0       0      42      69      82      78      71      82
      86      77      78      86      87      85      92     114     125     158
     267     376     419     330     231     143      84      76      98     105
     117      90      88      89      80      59      85      80      70      90
      90     135     117     101      88      76      90     107     113     101
      98     116      98     112     118     130     124     132     121     185
     167     196     196     228     216     226     265     275     271     283
     315     247     238     232     224     234     245     264     251     210
     214     243     236     237     240     267     272     276     270     284
     272     284     270     283     298     328     348     366     338     367
     400     421     478     447     604     857    1594    3049    6028   10437
   14880   17833   16892   13496    8710    4829    2535    1813    1553    1601
    1553    1249     865     691     547     516     795    1207    1831    2763
    3619    4132    4146    3617    2732    2291    2121    2352    2592    2662
    2488    2479    2450    2707    2788    2757    2407    1992    1456    1047
     817     732     667     697     675     667     639     572     563     466
     398     406     379     384     373     430     454     452     417     443
     425     417     472     450     508     548     567     575     662     693
     731     790     789     883     820     752     769     716     778     793
     829     949    1315    1585    1834    2122    2188    2015    1793    1430
    1160     923     777     715     715     715     662     788     787     836
     903    1149    1330    1678    2369    3920    6802   11693   19784   29729
   39446   46245   47411   42363   33156   22695   13959    7763    4103    2164
    1413    1183    1238    1741    3048    5124    8959   14051   19543   24500
   27412   27670   24522   20533   16045   12103    9114    6628    4844    3676
    2877    2713    3094    4145    5788    7565    8903    9101    8735    7353
    5681    3854    2592    1844    1082    1033     914     900     953    1037
    1266    1628    2114    2666    3447    3863    4110    3909    3364    2671
    2015    1389    1110     948     985    1040    1334    1612    1822    1891
    1998    1876    1533    1311    1165     980     920     871     868     760
     768     655     621     581     567     564     512     552     603     591
     605     621     610     634     699     707     749     787     897     942
     980     955     860     794     723     662     632     600     551     595
     556     578     552     578     583     584     552     587     592     643
     609     595     632     580     655     600     604     639     652     616
     626     639     669     635     644     658     640     623     644     633
     629     596     579     601     552     617     651     596     618     570
     626     609     614     605     600     659     559     554     571     597
     554     590     513     495     549     549     520     566     522     558
     498     567     524     495     491     525     550     509     522     555
     510     525     502     467     547     501     455     533     498     469
     496     518     510     533     531     498     519     514     477     540
     524     501     480     489     531     543     531     521     545     534
     585     537     552     548     547     564     505     514     547     539
     495     540     549     516     532     547     557     520     500     560
     463     509     533     499     503     516     558     514     509     463
     499     498     476     508     513     510     488     423     485     483
     516     484     478     460     470     411     497     455     442     437
     496     481     488     504     499     464     509     478     501     468
     436     445     435     446     471     452     458     410     475     446
     452     449     445     452     457     446     448     429     454     415
     425     448     420     456     431     452     452     436     448     461
     417     458     419     473     448     448     438     489     453     450
     459     496     472     435     496     464     453     446     399     394
     441     418     404     428     430     406     409     428     436     449
     436     404     414     445     418     421     387     402     401     438
     412     418     394     395     398     395     449     382     385     405
     406     388     403     378     390     387     378     355     421     401
     393     381     390     385     371     365     392     403     390     363
     370     364     408     413     409     356     371     379     353     383
     411     409     394     385     400     406     392     372     340     392
     335     362     354     356     368     356     372     333     361     324
     316     347     343     310     358     355     300     355     337     346
     298     344     374     315     338     294     308     324     318     312
     311     320     340     336     331     301     331     309     295     346
     328     328     298     300     291     291     303     310     277     320
     269     308     283     308     283     278     281     288     269     287
     277     302     261     286     296     279     264     269     293     276
     300     278     244     279     277     273     280     270     281     277
     264     298     256     270     269     271     289     272     272     271
     245     240     240     267     246     241     277     270     302     285
     287     299     333     334     355     324     362     318     343     315
     276     257     281     226     267     232     248     231     214     235
     241     269     219     221     232     221     213     220     213     213
     209     222     218     228     210     225     243     243     238     191
     243     208     198     209     225     207     223     207     234     203
     214     218     186     186     233     197     195     185     210     197
     195     194     202     196     204     183     199     189     199     216
     189     195     205     186     164     190     222     200     201     184
     191     184     202     185     204     202     196     204     196     195
     197     194     178     210     182     179     182     203     185     186
     185     165     184     185     174     161     191     184     181     161
     143     175     151     169     163     169     164     167     153     168
     159     183     169     176     159     158     147     173     160     167
     148     156     170     159     153     181     145     156     149     164
     158     156     148     161     154     135     130     141     170     149
     157     162     150     128     163     137     146     169     143     143
     155     141     155     150     136     134     145     145     137     159
     142     138     131     133     118     154     135     146     140     155
     133     127     124     148     142     127     137     127     127     133
     134     129     142     134     150     117     149     131     130     140
     122     150     148     120     143     155     120     124     146     147
     118     125     118     122     127     139     128     145     126     144
     125     148     150     140     155     165     140     153     150     144
     139     169     155     149     155     145     145     157     174     149
     175     161     145     182     180     179     205     195     203     217
     196     178     191     232     244     235     202     260     275     221
     260     273     251     239     264     269     214     228     245     237
     230     227     194     213     229     205     178     182     184     174
     182     160     172     135     145     138     126     126     138     103
     100     123     112     119     120     107     109      89     112     107
     117     109     102     118     110     156     149     154     156     150
     185     189     194     177     193     166     183     169     141     140
     136     103     121      83      94     100      87      76      87      83
      81      75      83      66      74      82      88      81      78      70
      87      85      88      59      54      69      63      74      72      71
      79      73      78      62      97      81      91      68      64      84
      78      88      72     102      78      76      61      84      63      71
      84      83      88      66      79      92      84      74      92      64
      77      85      86      79      75      78      84      96      71      73
      74      80      81      75      70      68      79      74      66      73
      75      62      79      58      71      74      53      70      56      64
      63      55      57      66      58      59      55      64      42      47
      48      58      69      56      51      57      57      44      54      50
      60      54      53      55      49      50      69      53      63      50
      55      68      63      79      53      51      49      45      84      54
      50      43      39      47      42      40      46      35      49      49
      40      43      43      34      34      41      53      42      36      46
      44      44      46      39      48      44      43      39      50      36
      36      41      46      33      37      27      35      41      39      25
      47      38      40      37      48      31      34      34      29      48
      36      30      38      33      37      34      47      41      32      37
      36      21      30      32      28      37      23      37      32      35
      39      36      32      32      31      29      31      30      30      24
      37      25      23      24      36      29      33      31      26      34
      21      32      33      23      22      25      25      32      21      16
      25      18      27      24      17      26      25      35      20      20
      28      24      17      34      27      31      27      22      21      21
      23      19      25      13      13      23      13      28      17      20
      20      19      23      24      21      23      18      22      20      24
      16      27      19      17      26      23      19      11      21      17
      18      23      11      16      11      16      22      19      15      18
      14      15      10      19      15      12      21      11      17      24
       6      13       8       9      16      12       9      12      12      11
      20      10      24       6      11      15       8      14      17       9
       4      13      11       7      11      11       9       8      11       9
      11       4       9       8      10      10      11       8      10      11
       9      11       8       4       6       6       5       3       5       8
       9       7       9       6       5       7       6       3      10       5
       4       5       5       6      10       6       7       0       5       4
       6       6       2       4       3       1       4       4       3       5
       5       3       5       4       4       0       3       4       9       6
       0       1       5       0       5       1       3       1       3       3
       1       4       2       1       1       2       2       1       0       1
       2       0       2       1       1       0       1       3       2       4
       1       2       2       2       0       3       1       1       2       2
       0       0       0       0       1       1       3       0       0       2
       0       0       0       0       1       1       1       1       1       0
       2       0       1       2       2       1       0       0       0       1
       3       1       0       1       1       0       1       1       1       0
       0       0       0       1       0       1       0       0       0       0
       0       0       0       0       0       0       0       0       0       0
       0       0       0       0       0       0       0       0       0       0
       0       0       0       0       0       0       0       0       0       0
       0       0       0       0       0       0       0       0       0       0
       0       0       0       0       0       1       0       0       0       0
       0       0       0       0       0       0       0       0       0       1
       0       0       0       0       0       0       0       0       0       0
       0       0       0       0       0       0       0       0       0       0
       0       0       0       0       0       0       0       0       1       0
       0       0       0       0       0       1       0       0       0       0
       0       0       0       0       0       0       0       0       0       0
       0       0       0       0       0       0       0       0       0       0
       0       1       0       0       0       0       0       0       1       0
       0       0       0       0       0       0       0       0       0       0
       0       0       0       0       0       0       0       0       0       0
       0       0       0       0       0       0       0       0       0       0
       0       0       0       0       0       0       0       0       0       0
       0       0       0       0       0       0       0       0       0       0
       0       0       0       0       0       0       0       0       0       0
       0       0       0       0       0       0       1       0       0       0
       0       0       0       0       0       0       0       0       0       0
       0       0       0       0       0       0       0       0       0       0
       1       0       0       0       0       0       0       0       0       0
       0       0       0       0       0       0       0       0       0       0
       0       0       0       0       0       0       0       0       0       0
       0       0       0       0       0       0       0       0       0       0
       0       0       0       0       0       0       0       0       0       0
       0       0       0       0       0       0       0       0       0       0
       0       0       0       0       0       0       0       0       0       0
       0       0       0       0       0       0       0       0       0       0
       0       0       0       0       0       0       0       0       0       0
       0       0       0       0       0       0       0       0       0       0
       0       0       0       0       0       0       0       0       0       0
       0       0       0       0       0       0       0       0       0       0
       0       0       0       0       0       0       0       0       0       0
       0       0       0       0       0       0       0       0       0       0
       0       0       0       0       0       0       0       0       0       0
       0       0       0       0       0       0       0       0       0       0
       0       0       0       0       0       0       0       0       0       0
       0       0       0       0       0       0       0       0       0       0
       0       0       0       0       0       0       0       0       0       0
       0       0       0       0       0       0       0       0       0       0
       0       0       0       0       0       0       0       0       0       0
       0       0       0       0       0       0       0       0       0       0
       0       0       0       0       0       0       0       0       0       0
       0       0       0       0       0       0       0       0       0       0
       0       0       0       0       0       0       0       0       0       0
       0       0       0       0       0       0       0       0       0       0
       0       0       0       0       0       0       0       0       0       0
       0       0       0       0       0       0       0       0       0       0
       0       0       0       0       0       0       0       0       0       0
       0       0       0       0       0       0       0       0       0       0
       0       0       0       0       0       0       0       0       0       0
       5      80      20      80       2       1      32    3276       0     100
    2048      12       0       0       9       0       0       0       1       3
       0       1     300       0       0    -135     225       8       5      87
       1       0       0       0       2       2       1       5       5   14661
       6       4       6 1240090 1205862       1     300     304       2    -134
     225      28
